*
8 9 ;
8 9 ;
8 9 ;
8 9 ;
8 9 ; 0 11 ;
8 9 ; 0 11 ;
8 9 ; 0 11 ; 7 10 ;
8 9 ; 0 11 ; 7 10 ;
8 9 ; 0 11 ; 7 10 ; 3 6 ;
8 9 ; 0 11 ; 7 10 ; 3 6 ; 1 2 ;
8 9 ; 0 11 ; 7 10 ; 3 6 ; 1 2 ;
8 9 ; 0 11 ; 7 10 ; 3 6 ; 1 2 ;
8 9 ; 0 11 ; 7 10 ; 3 6 ; 1 2 ;
8 9 ; 0 11 ; 7 10 ; 3 6 ; 1 2 ;
8 9 ; 0 11 ; 7 10 ; 3 6 ; 1 2 ;
8 9 ; 0 11 ; 7 10 ; 3 6 ; 1 2 ;
8 9 ; 0 11 ; 7 10 ; 3 6 ; 1 2 ;
8 9 ; 0 11 ; 7 10 ; 3 6 ; 1 2 ;
8 9 ; 0 11 ; 7 10 ; 3 6 ; 1 2 ;
8 9 ; 0 11 ; 7 10 ; 3 6 ; 1 2 ;
8 9 ; 0 11 ; 7 10 ; 3 6 ; 1 2 ;
8 9 ; 0 11 ; 7 10 ; 3 6 ; 1 2 ;
8 9 ; 0 11 ; 7 10 ; 3 6 ; 1 2 ;
